1.114607679872259105e+01
1.131235501905232788e+01
1.152783499597597050e+01
1.184693926090833394e+01
1.226381989526626803e+01
1.274187757921443342e+01
1.323138113206648470e+01
1.371447957748825353e+01
1.415810706472836600e+01
1.457609016526626888e+01
1.499101373624355737e+01
1.540804287551591756e+01
1.579258939682795848e+01
1.614057619791601894e+01
1.645367770872379509e+01
1.672783989109079172e+01
1.696758119969773659e+01
1.715529248220387615e+01
1.730017274884860257e+01
1.740045655011203962e+01
1.745878812109495115e+01
1.748665027263528771e+01
1.748286994676191952e+01
1.744505729238147751e+01
1.737778247304975210e+01
1.727502534353824259e+01
1.716298696426457582e+01
1.704153796975379009e+01
1.692907717068627349e+01
1.683286229063134343e+01
1.675636969535860743e+01
1.669387681271746615e+01
1.663995170302573001e+01
1.657727151010616495e+01
1.650902561882971042e+01
1.642137105447159229e+01
1.630935241475582842e+01
1.617850948277590106e+01
1.603707796032547250e+01
1.589096216894907343e+01
1.575175873518403158e+01
1.561511729415088645e+01
1.547696816843501111e+01
1.532778694647774920e+01
1.516203179370045895e+01
1.499006895100086822e+01
1.482542504798654548e+01
1.467158161982322717e+01
1.452430954225540560e+01
1.438003112426218522e+01
1.423788666213678766e+01
1.410188041927410652e+01
1.396969106245325243e+01
1.383995546134705634e+01
1.371013454327213488e+01
1.358351879809927887e+01
1.345618976720429316e+01
1.333029601634132000e+01
1.321596010841251889e+01
1.311701566899346005e+01
1.302371564569027207e+01
1.292128839740250612e+01
1.280876436328133927e+01
1.269546308669099766e+01
1.258798749900030067e+01
1.249057308534537114e+01
1.240377170696886289e+01
1.232292840674567280e+01
1.224482382684034576e+01
1.216473566472242673e+01
1.207878753713276154e+01
1.198224138261068461e+01
1.188493578368611026e+01
1.180189275730973719e+01
1.173491021450898408e+01
1.166636275344295193e+01
1.159845444294365713e+01
1.152233996996593923e+01
1.143354810710214409e+01
1.132861192206899226e+01
1.120307222952238391e+01
