1.101401455874831292e+01
1.102312351495985077e+01
1.104253471797234099e+01
1.117056409932277106e+01
1.144292933585257188e+01
1.185961514895287650e+01
1.239333043359054010e+01
1.303927755525888088e+01
1.372158037850075374e+01
1.431141315156182792e+01
1.480341372891058072e+01
1.524290550985970327e+01
1.567198826046473314e+01
1.606703769121330083e+01
1.641382871473173566e+01
1.672588552401279927e+01
1.700545275663561284e+01
1.721326628846136586e+01
1.737737581097238504e+01
1.749444447724853902e+01
1.756375095073978443e+01
1.759210064343817947e+01
1.758062748291053623e+01
1.753658085844219983e+01
1.746214314435312431e+01
1.736039205112026806e+01
1.724482429091477798e+01
1.710557289799876912e+01
1.696445351027614379e+01
1.681906037850365365e+01
1.668459916563113765e+01
1.657408705606626143e+01
1.649407306990373456e+01
1.643614998988596199e+01
1.639247165977458565e+01
1.633780669276499253e+01
1.625900145953225362e+01
1.615462727354547923e+01
1.603119311041095685e+01
1.589818834770407285e+01
1.575676663457734072e+01
1.560875524797716274e+01
1.546766719853478556e+01
1.532737222506928809e+01
1.517697328299878734e+01
1.501691432587936781e+01
1.485146225409586052e+01
1.468465341248394118e+01
1.451276482423732617e+01
1.433697844491011253e+01
1.416903668947266048e+01
1.402187929981417724e+01
1.389870058131825559e+01
1.378783457746639840e+01
1.367412434851092762e+01
1.355429235606447413e+01
1.342475460479015936e+01
1.328862264951257899e+01
1.316113635942373250e+01
1.305188118893702409e+01
1.295485425442303651e+01
1.286086951017814251e+01
1.276476363344946918e+01
1.266705577934437521e+01
1.256218925789492324e+01
1.245780911328062857e+01
1.235857092210542518e+01
1.226652289520451333e+01
1.218175076526713241e+01
1.210391622892465335e+01
1.202745657285027647e+01
1.194372946397687407e+01
1.185420269668120952e+01
1.176141076037101385e+01
1.167093794632895687e+01
1.158887393584810965e+01
1.153298043853212285e+01
1.148938456166494326e+01
1.143564961799886426e+01
1.135209652597852781e+01
1.124687564921567429e+01
