4.291813382068414562e+00
4.982926420856981231e+00
5.983359681665113783e+00
7.326277990891806091e+00
8.805474353632884998e+00
1.015802101849934225e+01
1.118068588774879935e+01
1.181869798733239740e+01
1.213442527287152473e+01
1.222663795502391615e+01
1.220782831723574091e+01
1.214153542409621522e+01
1.204061364417635183e+01
1.188161574083217076e+01
1.165829326748656136e+01
1.135676771278152586e+01
1.097725942950873446e+01
1.052557744433966569e+01
1.001308587745294965e+01
9.494847541961567217e+00
8.989165588960013054e+00
8.510873100999164720e+00
8.069428891823124061e+00
7.656673840510344498e+00
7.272660152269279088e+00
6.926042026137126051e+00
6.600799945145976899e+00
6.353734448897597531e+00
6.210295357534389993e+00
6.169568009658010332e+00
6.241540513950606162e+00
6.372291970383855642e+00
6.487424284189293289e+00
6.575364215228072240e+00
6.572504006155981848e+00
6.475001027685565624e+00
6.288744324785149331e+00
6.046592953404092974e+00
5.829653604286549218e+00
5.675057790418628123e+00
5.551370075833066409e+00
5.449718669436101059e+00
5.345585763136679880e+00
5.228063982066473159e+00
5.112710471599856810e+00
4.980067621936157707e+00
4.844813622419645860e+00
4.747192604487737277e+00
4.708352525944376588e+00
4.711436584387118209e+00
4.727634844793463742e+00
4.742713182772948066e+00
4.760204113998940834e+00
4.741478362210084008e+00
4.693731709899045867e+00
4.636449942339812225e+00
4.598808851804833786e+00
4.595039316798540163e+00
4.630082360104831984e+00
4.675192598095657459e+00
4.701927003524596138e+00
4.694405446787971670e+00
4.660511628350077373e+00
4.601676485721644561e+00
4.545930145569307967e+00
4.521886351000180326e+00
4.539746492039603787e+00
4.572175461276237307e+00
4.606369483496282058e+00
4.626386935606326745e+00
4.593392450651770709e+00
4.512550695064000195e+00
4.444848235322949925e+00
4.409622292923390141e+00
4.406513597301620955e+00
4.479360449616257789e+00
4.572779598905094112e+00
4.600474568632014538e+00
4.469989419501086303e+00
4.180741959273281516e+00
3.962608061628954736e+00
