3.497770708559723385e+00
3.632414063570249319e+00
3.624475898184850386e+00
3.896661490722704180e+00
4.606148917523072761e+00
5.711087751113959499e+00
7.064383353905355989e+00
8.359670988315667017e+00
9.443428287356029571e+00
1.021064577091204484e+01
1.067618239077263986e+01
1.083412828077473655e+01
1.091290022850769148e+01
1.090437259967104566e+01
1.085116414929621875e+01
1.075073006665638253e+01
1.060508750378797949e+01
1.038516515154531206e+01
1.010406445476465898e+01
9.759168805275642455e+00
9.350053762094091780e+00
8.887067010298986602e+00
8.418968565358163403e+00
7.984274870313961436e+00
7.587974779418960480e+00
7.210990174427210242e+00
6.861068207953040954e+00
6.519326953163405491e+00
6.191331349107068505e+00
5.955340546380911704e+00
5.832561137442680455e+00
5.791028504072660787e+00
5.826956818824154283e+00
5.899655150669675052e+00
6.006909513055045835e+00
6.091547980992062072e+00
6.088066953168969064e+00
5.990234460216637302e+00
5.814248787225892556e+00
5.596256137692313892e+00
5.401356556275411336e+00
5.245250213188366040e+00
5.121936300183165258e+00
5.022468129541234561e+00
4.927147171338700282e+00
4.822171278012732820e+00
4.695263955474667128e+00
4.548129438033489791e+00
4.413808875623210781e+00
4.332671828223614519e+00
4.309983234545068598e+00
4.310893788353523881e+00
4.309744024893667813e+00
4.301850078476900485e+00
4.278161332572418374e+00
4.235100756360798080e+00
4.184446185912289451e+00
4.137949026179719603e+00
4.105745659527848979e+00
4.092831860292265311e+00
4.096505337719740680e+00
4.109530150594549625e+00
4.121160444662073985e+00
4.118538363329535379e+00
4.083158100389432832e+00
4.027792045290555123e+00
3.979338623335755720e+00
3.955824676389194217e+00
3.958694207730192094e+00
3.987830517680043041e+00
4.018371040258069016e+00
4.011695512318810941e+00
3.950748475915285773e+00
3.881045142695833228e+00
3.817101828128211860e+00
3.776758134311418491e+00
3.828148497666064021e+00
3.913834015478713013e+00
3.954315582566617415e+00
3.879929964750297611e+00
3.711904475687985538e+00
