1.114432438173439799e+01
1.143537884766792700e+01
1.184162229322072157e+01
1.229384719587849872e+01
1.275387836213663917e+01
1.320546474081725741e+01
1.364640831129802301e+01
1.408193004665277748e+01
1.451927295170390941e+01
1.496354217598651104e+01
1.541478220091739537e+01
1.586770571340313118e+01
1.630861999773491533e+01
1.671584088856054606e+01
1.705997865969756688e+01
1.731338872785577365e+01
1.745329475499637795e+01
1.747355871980969511e+01
1.739363848379145239e+01
1.724699984240731609e+01
1.707838548491044506e+01
1.690035270580042592e+01
1.673671779704863383e+01
1.659532737931201751e+01
1.646789247317121863e+01
1.632344529232388197e+01
1.614203030392079441e+01
1.591512805916556417e+01
1.564436277860477631e+01
1.534682705211081633e+01
1.503936158086713171e+01
1.473142221367922211e+01
1.443223667783209763e+01
1.415019713679613389e+01
1.388952092804857230e+01
1.365364106331912097e+01
1.343892679855374972e+01
1.323935159916678828e+01
1.304250651186471011e+01
1.284504820712623641e+01
1.266336200420075819e+01
1.249176017973333330e+01
1.232882779487198732e+01
1.217220412042830091e+01
1.201879668832126669e+01
1.186519497489964792e+01
1.170828371673205304e+01
1.154605585886466024e+01
1.137862513554657617e+01
1.120943828342289272e+01
