1.097951757476962520e+01
1.111730483497187194e+01
1.136870055634780741e+01
1.169788294484021485e+01
1.208031077200810088e+01
1.249985837698139157e+01
1.294627517615187173e+01
1.341296968060030892e+01
1.389511802125984374e+01
1.438809698181556307e+01
1.488624153865761457e+01
1.538974854662399139e+01
1.587408367532588294e+01
1.632503520638225325e+01
1.672924378143175517e+01
1.708680601312461889e+01
1.737959098264228786e+01
1.755894483341549517e+01
1.758720303009607377e+01
1.748402786942600429e+01
1.730377485507883506e+01
1.708836614385324637e+01
1.686266228708641890e+01
1.665388799831251987e+01
1.646559693533146529e+01
1.629696690177693341e+01
1.612989385980537094e+01
1.594264760639024026e+01
1.571403219603913470e+01
1.544179829858718378e+01
1.513910046873027326e+01
1.482534176142175752e+01
1.451830942681853465e+01
1.423282151574975707e+01
1.396333831404269432e+01
1.370948424539799859e+01
1.347066049744242555e+01
1.325547642092513101e+01
1.305741892766582701e+01
1.285820756364903872e+01
1.266652898870512090e+01
1.247816347711750495e+01
1.229418377149066544e+01
1.211710021258594949e+01
1.195007072612931864e+01
1.179573681259556572e+01
1.165468554055857453e+01
1.152353754360770743e+01
1.139266102083029608e+01
1.124351174086023519e+01
