3.471146488205294922e+00
3.739951824211305009e+00
4.170810811532121853e+00
4.709820297467325112e+00
5.323924230252240264e+00
5.992367645622384664e+00
6.699721049050598509e+00
7.430475193656862487e+00
8.165206253790795898e+00
8.878311394286843239e+00
9.537314734954737361e+00
1.013821230797820583e+01
1.058086648476364999e+01
1.082215123250751176e+01
1.083941707053133996e+01
1.062864607698415398e+01
1.019602648979674875e+01
9.582842217350000524e+00
8.851993036519678171e+00
8.092674939239259402e+00
7.377902724447731764e+00
6.765585071108341175e+00
6.320958185927135986e+00
6.044435319850412824e+00
5.902147124398616995e+00
5.848130894341745822e+00
5.826292447704592981e+00
5.744688842822543329e+00
5.559653942945506522e+00
5.285602693378235628e+00
4.985388159246666007e+00
4.715586557409682023e+00
4.512920878282645987e+00
4.386705306548416949e+00
4.311548598977294589e+00
4.257515579580128495e+00
4.194880030005950111e+00
4.146375050905332316e+00
4.127870883296014703e+00
4.122337850824363770e+00
4.090925991268521855e+00
4.049935800380206175e+00
4.003523758716857728e+00
3.958778261405976551e+00
3.923504298347144648e+00
3.903136817601226660e+00
3.896782772155752195e+00
3.892391850066553083e+00
3.861055887975734180e+00
3.750436968005598004e+00
